(1) blaser 2.0_audio: AWGN and Rayleigh

2.75067472457886	3.68479681015015	4.02222871780396	4.12596654891968	4.12593936920166	4.13010644912720	4.14361953735352	4.17101621627808	4.15801811218262	4.16637945175171	4.15503644943237

1.73662424087524	2.21635937690735	2.85405659675598	3.60850691795349	3.95265626907349	4.06199169158936	4.09995365142822	4.15670156478882	4.15751552581787	4.15756082534790	4.15795993804932


(2) listening latency: AWGN and Rayleigh

0.454897518612452	0.419512419662358	0.382298872662437	0.364482091760169	0.359568997580182	0.365580620725142	0.362094143744323	0.361123862574170	0.354696475471157	0.353994437307013	0.353917302411720

0.558309118275166	0.501992046236867	0.450990600836236	0.410517532443828	0.381806866401040	0.368711232582417	0.363451593750530	0.356052307086511	0.355918087796153	0.354026136160966	0.354238429190814

