(1) blaser 2.0_audio: AWGN and Rayleigh

2.14962863922119	2.79245066642761	3.21241235733032	3.31590986251831	3.34497070312500	3.40314507484436	3.37136077880859	3.39119362831116	3.37969040870667	3.39132356643677	3.39735555648804

1.54658794403076	1.75246059894562	2.25523281097412	2.80788707733154	3.11334609985352	3.26889777183533	3.35674810409546	3.36128687858582	3.38056516647339	3.36497879028320	3.40185999870300


(2) listening latency: AWGN and Rayleigh

0.518396520917753	0.445388895116956	0.394848525310675	0.372618181456431	0.356818699139440	0.349178681158453	0.344986474822163	0.343002654732247	0.346613421026469	0.345640102316429	0.344916624121244

0.581623322682767	0.545114706157718	0.498209665971563	0.434268739535839	0.393275299760127	0.370020385069088	0.356574533399941	0.354478467164686	0.348807982748910	0.350255094368724	0.349197641376848

