(1) blaser 2.0_audio: AWGN and Rayleigh

1.99473989009857	2.53585028648376	3.04733109474182	3.27550125122070	3.33609676361084	3.35231494903564	3.36055064201355	3.37820482254028	3.37633132934570	3.37385630607605	3.35670113563538

1.58001911640167	1.79233539104462	2.12005519866943	2.58988165855408	2.98908066749573	3.20970869064331	3.30157780647278	3.34822416305542	3.35664820671082	3.35432696342468	3.37474226951599


(2) listening latency: AWGN and Rayleigh

0.481977503158024	0.403900020033984	0.349637714227567	0.318197895285028	0.306612792239622	0.304332159117460	0.299199677908091	0.299057224090058	0.299683853253638	0.298818140794987	0.299326813543733

0.584931755185409	0.530785593686564	0.463890013891949	0.388942997559845	0.350562798808905	0.325437386189222	0.309565443957092	0.303464549251063	0.301642382688381	0.301828120540292	0.298238508236604

