(1) blaser 2.0_audio: AWGN and Rayleigh

2.26908135414124	2.63400912284851	2.98763656616211	3.22102689743042	3.29642534255981	3.32945847511292	3.37678670883179	3.37299561500549	3.36500024795532	3.34800577163696	3.36105704307556

1.58850705623627	1.89754116535187	2.25674939155579	2.62936401367188	2.97764301300049	3.19902634620667	3.28434419631958	3.35383534431458	3.35500860214233	3.33855438232422	3.33885455131531


(2) listening latency: AWGN and Rayleigh

0.386847168681174	0.375050029075171	0.361850587555917	0.353904497665675	0.344662021109993	0.347288408912772	0.340264911630412	0.341168199653562	0.341317942532656	0.341183884095992	0.341782647297516

0.461032342385320	0.417899234236241	0.386392528173416	0.371454812992024	0.361518705199383	0.348561214327148	0.344072985757466	0.346194983224885	0.341156616797165	0.342163221572679	0.339965435108358

