(1) blaser 2.0_audio: AWGN and Rayleigh

2.50583934783936	3.15339469909668	3.47328162193298	3.55245923995972	3.61313819885254	3.60602521896362	3.61619019508362	3.63647603988647	3.63338780403137	3.63643693923950	3.64165234565735

1.72570097446442	2.03757834434509	2.52365732192993	3.11244440078735	3.43543624877930	3.54374146461487	3.60291123390198	3.61351656913757	3.61787009239197	3.62375617027283	3.62984848022461


(2) listening latency: AWGN and Rayleigh

0.499436184094412	0.489904078944846	0.464541885072974	0.454122987164326	0.443061077288531	0.439851160966160	0.438940031425851	0.441551422135358	0.437713341668785	0.430605419949574	0.429870089289932

0.540311441232269	0.516253766153122	0.492850892792762	0.468798837919816	0.457915402720125	0.443700470958334	0.439832375835910	0.436466137246510	0.435293530799193	0.432119839875768	0.428993594068261

