(1) blaser 2.0_audio: AWGN and Rayleigh

2.62251114845276	3.15438318252563	3.63615226745605	3.78864359855652	3.86977386474609	3.87666177749634	3.88595819473267	3.90752387046814	3.89259648323059	3.90015268325806	3.90339040756226

1.78260159492493	2.15770339965820	2.56351590156555	3.18693685531616	3.59936523437500	3.78189992904663	3.83828997612000	3.84990763664246	3.89388847351074	3.87504506111145	3.88582992553711


(2) listening latency: AWGN and Rayleigh

0.440622000464036	0.408886070054267	0.388665618745360	0.370214333349943	0.367155087913123	0.362543427046711	0.361755518055094	0.360386598896018	0.360116616820844	0.358670353430558	0.358499661883782

0.486545131856915	0.453162843383530	0.435846467097844	0.404006597415559	0.386083271076624	0.375878910220639	0.367796871135126	0.361941618762404	0.363644446502621	0.360734786638042	0.360140985019007

